-----------debug---------
prod(1):	8	11	14	17	20	23	26	29	32	35	38		Pmin: 8 	Pmax: 38
prod(2):	8	12	15	18	22	25	29	32	35	39	42		Pmin: 8 	Pmax: 42
prod(3):	6	9	11	14	16	19	22	24	27	29	32		Pmin: 6 	Pmax: 32
prod(4):	3	4	6	7	8	10	11	12	13	15	16		Pmin: 3 	Pmax: 16
prod(5):	4	6	8	10	11	13	15	16	18	20	22		Pmin: 4 	Pmax: 22
prod(6):	6	8	10	13	15	17	20	22	24	27	29		Pmin: 6 	Pmax: 29
prod(7):	9	12	16	19	22	26	29	33	36	40	43		Pmin: 9 	Pmax: 43
prod(8):	9	12	16	19	23	26	30	33	37	40	44		Pmin: 9 	Pmax: 44
prod(9):	7	9	12	14	17	20	22	25	27	30	33		Pmin: 7 	Pmax: 33
prod(10):	3	5	6	7	9	10	11	13	14	16	17		Pmin: 3 	Pmax: 17
